# Time-averaged data for fix myAT
# TimeStep Number-of-rows
# Row c_myRDF[1] c_myRDF[2] c_myRDF[3]
50000 500
1 0.004 0 0
2 0.012 0 0
3 0.02 0 0
4 0.028 0 0
5 0.036 0 0
6 0.044 0 0
7 0.052 0 0
8 0.06 0 0
9 0.068 0 0
10 0.076 0 0
11 0.084 0 0
12 0.092 0 0
13 0.1 0 0
14 0.108 0 0
15 0.116 0 0
16 0.124 0 0
17 0.132 0 0
18 0.14 0 0
19 0.148 0 0
20 0.156 0 0
21 0.164 0 0
22 0.172 0 0
23 0.18 0 0
24 0.188 0 0
25 0.196 0 0
26 0.204 0 0
27 0.212 0 0
28 0.22 0 0
29 0.228 0 0
30 0.236 0 0
31 0.244 0 0
32 0.252 0 0
33 0.26 0 0
34 0.268 0 0
35 0.276 0 0
36 0.284 0 0
37 0.292 0 0
38 0.3 0 0
39 0.308 0 0
40 0.316 0 0
41 0.324 0 0
42 0.332 0 0
43 0.34 0 0
44 0.348 0 0
45 0.356 0 0
46 0.364 0 0
47 0.372 0 0
48 0.38 0 0
49 0.388 0 0
50 0.396 0 0
51 0.404 0 0
52 0.412 0 0
53 0.42 0 0
54 0.428 0 0
55 0.436 0 0
56 0.444 0 0
57 0.452 0 0
58 0.46 0 0
59 0.468 0 0
60 0.476 0 0
61 0.484 0 0
62 0.492 0 0
63 0.5 0 0
64 0.508 0 0
65 0.516 0 0
66 0.524 0 0
67 0.532 0 0
68 0.54 0 0
69 0.548 0 0
70 0.556 0 0
71 0.564 0 0
72 0.572 0 0
73 0.58 0 0
74 0.588 0 0
75 0.596 0 0
76 0.604 0 0
77 0.612 0 0
78 0.62 0 0
79 0.628 0 0
80 0.636 0 0
81 0.644 0 0
82 0.652 0 0
83 0.66 0 0
84 0.668 0 0
85 0.676 0 0
86 0.684 0 0
87 0.692 0 0
88 0.7 0 0
89 0.708 0 0
90 0.716 0 0
91 0.724 0 0
92 0.732 0 0
93 0.74 0 0
94 0.748 0 0
95 0.756 0 0
96 0.764 0 0
97 0.772 0 0
98 0.78 0 0
99 0.788 0 0
100 0.796 0 0
101 0.804 0 0
102 0.812 0 0
103 0.82 0 0
104 0.828 0 0
105 0.836 0 0
106 0.844 0 0
107 0.852 0 0
108 0.86 0 0
109 0.868 0 0
110 0.876 0 0
111 0.884 0 0
112 0.892 0 0
113 0.9 0 0
114 0.908 0 0
115 0.916 0 0
116 0.924 0 0
117 0.932 0 0
118 0.94 0 0
119 0.948 6.94482e-05 6.25e-06
120 0.956 0.000375599 4.0625e-05
121 0.964 0.00151114 0.00018125
122 0.972 0.00587943 0.0007375
123 0.98 0.0143296 0.00211562
124 0.988 0.0384591 0.005875
125 0.996 0.0904413 0.0148594
126 1.004 0.18507 0.0335406
127 1.012 0.357212 0.070175
128 1.02 0.611056 0.133837
129 1.028 0.970854 0.236578
130 1.036 1.4443 0.391809
131 1.044 2.01032 0.611225
132 1.052 2.68613 0.908913
133 1.06 3.3956 1.29097
134 1.068 4.07471 1.75639
135 1.076 4.72051 2.30368
136 1.084 5.29352 2.92656
137 1.092 5.67867 3.60466
138 1.1 5.96778 4.32776
139 1.108 6.07208 5.07424
140 1.116 6.0117 5.82401
141 1.124 5.79069 6.55661
142 1.132 5.50654 7.26321
143 1.14 5.12137 7.9297
144 1.148 4.66238 8.54501
145 1.156 4.16318 9.10212
146 1.164 3.66266 9.59907
147 1.172 3.16299 10.0341
148 1.18 2.6967 10.4101
149 1.188 2.2556 10.7289
150 1.196 1.85541 10.9947
151 1.204 1.51494 11.2146
152 1.212 1.21125 11.3928
153 1.22 0.955114 11.5351
154 1.228 0.756565 11.6494
155 1.236 0.580545 11.7382
156 1.244 0.445858 11.8073
157 1.252 0.332752 11.8595
158 1.26 0.247948 11.8989
159 1.268 0.18008 11.9279
160 1.276 0.131024 11.9493
161 1.284 0.0929773 11.9646
162 1.292 0.0660304 11.9757
163 1.3 0.0463854 11.9835
164 1.308 0.0314099 11.9889
165 1.316 0.0219835 11.9927
166 1.324 0.0149004 11.9953
167 1.332 0.00977946 11.9971
168 1.34 0.00703873 11.9983
169 1.348 0.00559869 11.9994
170 1.356 0.00427691 12.0001
171 1.364 0.00546811 12.0012
172 1.372 0.00616713 12.0023
173 1.38 0.00799669 12.0039
174 1.388 0.0112578 12.006
175 1.396 0.0150044 12.009
176 1.404 0.0217679 12.0133
177 1.412 0.0296768 12.0192
178 1.42 0.0420341 12.0277
179 1.428 0.0563936 12.0392
180 1.436 0.0739121 12.0544
181 1.444 0.0992565 12.0752
182 1.452 0.128569 12.1023
183 1.46 0.167336 12.138
184 1.468 0.213753 12.1842
185 1.476 0.267651 12.2425
186 1.484 0.327775 12.3148
187 1.492 0.400321 12.4041
188 1.5 0.478989 12.512
189 1.508 0.569144 12.6416
190 1.516 0.656763 12.7927
191 1.524 0.752566 12.9678
192 1.532 0.843758 13.1661
193 1.54 0.936677 13.3885
194 1.548 1.01252 13.6315
195 1.556 1.08776 13.8952
196 1.564 1.13946 14.1743
197 1.572 1.19782 14.4708
198 1.58 1.20951 14.7731
199 1.588 1.21232 15.0793
200 1.596 1.19988 15.3853
201 1.604 1.16628 15.6858
202 1.612 1.11055 15.9748
203 1.62 1.03716 16.2473
204 1.628 0.956179 16.5011
205 1.636 0.871763 16.7348
206 1.644 0.777232 16.9451
207 1.652 0.685883 17.1326
208 1.66 0.588859 17.2951
209 1.668 0.502532 17.4351
210 1.676 0.41719 17.5524
211 1.684 0.344877 17.6503
212 1.692 0.280874 17.7309
213 1.7 0.223102 17.7954
214 1.708 0.175532 17.8467
215 1.716 0.138174 17.8875
216 1.724 0.105574 17.9189
217 1.732 0.0814441 17.9433
218 1.74 0.0665448 17.9635
219 1.748 0.0561323 17.9807
220 1.756 0.0505011 17.9963
221 1.764 0.0550184 18.0134
222 1.772 0.0630599 18.0333
223 1.78 0.0852071 18.0603
224 1.788 0.116669 18.0976
225 1.796 0.158829 18.1489
226 1.804 0.221124 18.221
227 1.812 0.300791 18.3199
228 1.82 0.401711 18.4532
229 1.828 0.532702 18.6314
230 1.836 0.6877 18.8635
231 1.844 0.878532 19.1627
232 1.852 1.08997 19.5371
233 1.86 1.3343 19.9993
234 1.868 1.5856 20.5534
235 1.876 1.8667 21.2112
236 1.884 2.14491 21.9736
237 1.892 2.42271 22.8421
238 1.9 2.69758 23.8172
239 1.908 2.92447 24.8834
240 1.916 3.11281 26.0277
241 1.924 3.25888 27.2357
242 1.932 3.35633 28.4902
243 1.94 3.3885 29.7673
244 1.948 3.36381 31.0455
245 1.956 3.26522 32.2965
246 1.964 3.12957 33.5053
247 1.972 2.94429 34.6519
248 1.98 2.72699 35.7225
249 1.988 2.47963 36.7038
250 1.996 2.20917 37.5852
251 2.004 1.93917 38.365
252 2.012 1.67759 39.0451
253 2.02 1.43204 39.6302
254 2.028 1.19842 40.1238
255 2.036 0.985252 40.5327
256 2.044 0.808574 40.871
257 2.052 0.641537 41.1415
258 2.06 0.508306 41.3575
259 2.068 0.398099 41.528
260 2.076 0.315973 41.6644
261 2.084 0.252827 41.7743
262 2.092 0.208534 41.8657
263 2.1 0.181948 41.9461
264 2.108 0.173996 42.0235
265 2.116 0.184518 42.1062
266 2.124 0.209631 42.2009
267 2.132 0.251924 42.3156
268 2.14 0.313983 42.4596
269 2.148 0.383965 42.637
270 2.156 0.461623 42.8519
271 2.164 0.553925 43.1116
272 2.172 0.660256 43.4236
273 2.18 0.756583 43.7836
274 2.188 0.865391 44.1985
275 2.196 0.963827 44.6639
276 2.204 1.05488 45.1771
277 2.212 1.13145 45.7314
278 2.22 1.19374 46.3206
279 2.228 1.23396 46.934
280 2.236 1.26182 47.5657
281 2.244 1.25763 48.1999
282 2.252 1.23653 48.8278
283 2.26 1.19158 49.4373
284 2.268 1.13379 50.0213
285 2.276 1.06124 50.5718
286 2.284 0.973529 51.0804
287 2.292 0.882925 51.5448
288 2.3 0.790193 51.9634
289 2.308 0.698817 52.3362
290 2.316 0.61446 52.6662
291 2.324 0.531813 52.9539
292 2.332 0.460503 53.2046
293 2.34 0.406927 53.4278
294 2.348 0.363052 53.6282
295 2.356 0.336292 53.8151
296 2.364 0.325174 53.9971
297 2.372 0.33106 54.1836
298 2.38 0.359509 54.3875
299 2.388 0.399056 54.6154
300 2.396 0.462138 54.8811
301 2.404 0.543974 55.1959
302 2.412 0.639993 55.5687
303 2.42 0.75211 56.0098
304 2.428 0.880344 56.5295
305 2.436 1.01093 57.1302
306 2.444 1.15131 57.8189
307 2.452 1.29543 58.5988
308 2.46 1.43429 59.468
309 2.468 1.55922 60.419
310 2.476 1.67967 61.4502
311 2.484 1.77377 62.5462
312 2.492 1.84647 63.6944
313 2.5 1.89245 64.8788
314 2.508 1.90567 66.0792
315 2.516 1.89153 67.2782
316 2.524 1.84803 68.4571
317 2.532 1.77863 69.599
318 2.54 1.68191 70.6856
319 2.548 1.5691 71.7057
320 2.556 1.43963 72.6475
321 2.564 1.30642 73.5076
322 2.572 1.15945 74.2757
323 2.58 1.01951 74.9552
324 2.588 0.8875 75.5505
325 2.596 0.760563 76.0637
326 2.604 0.647583 76.5035
327 2.612 0.553523 76.8816
328 2.62 0.472349 77.2063
329 2.628 0.406308 77.4873
330 2.636 0.361031 77.7385
331 2.644 0.329253 77.969
332 2.652 0.314651 78.1906
333 2.66 0.311843 78.4116
334 2.668 0.323141 78.6419
335 2.676 0.339354 78.8853
336 2.684 0.36599 79.1493
337 2.692 0.396679 79.4371
338 2.7 0.433197 79.7534
339 2.708 0.467209 80.0965
340 2.716 0.494121 80.4615
341 2.724 0.518454 80.8467
342 2.732 0.538226 81.249
343 2.74 0.550089 81.6625
344 2.748 0.555292 82.0824
345 2.756 0.552012 82.5023
346 2.764 0.540439 82.9158
347 2.772 0.521688 83.3172
348 2.78 0.504 83.7072
349 2.788 0.48111 84.0817
350 2.796 0.459503 84.4414
351 2.804 0.441977 84.7894
352 2.812 0.433459 85.1326
353 2.82 0.434523 85.4787
354 2.828 0.451801 85.8405
355 2.836 0.486806 86.2326
356 2.844 0.542686 86.6721
357 2.852 0.621036 87.178
358 2.86 0.723725 87.7708
359 2.868 0.852356 88.4728
360 2.876 1.00369 89.3042
361 2.884 1.17246 90.2807
362 2.892 1.36636 91.4251
363 2.9 1.56546 92.7434
364 2.908 1.77877 94.2497
365 2.916 1.9881 95.9426
366 2.924 2.18336 97.8119
367 2.932 2.36327 99.8463
368 2.94 2.52167 102.029
369 2.948 2.64112 104.327
370 2.956 2.72782 106.714
371 2.964 2.76935 109.151
372 2.972 2.76678 111.598
373 2.98 2.71935 114.016
374 2.988 2.62981 116.367
375 2.996 2.50596 118.62
376 3.004 2.34859 120.742
377 3.012 2.16903 122.713
378 3.02 1.96828 124.51
379 3.028 1.7671 126.133
380 3.036 1.55993 127.572
381 3.044 1.36564 128.84
382 3.052 1.17576 129.936
383 3.06 1.01017 130.883
384 3.068 0.85836 131.693
385 3.076 0.729275 132.383
386 3.084 0.619612 132.974
387 3.092 0.534531 133.485
388 3.1 0.467677 133.935
389 3.108 0.415463 134.337
390 3.116 0.375846 134.703
391 3.124 0.355518 135.05
392 3.132 0.33902 135.383
393 3.14 0.329856 135.709
394 3.148 0.325014 136.031
395 3.156 0.324969 136.356
396 3.164 0.325414 136.682
397 3.172 0.325133 137.009
398 3.18 0.326273 137.34
399 3.188 0.324883 137.67
400 3.196 0.325847 138.004
401 3.204 0.327921 138.341
402 3.212 0.331716 138.683
403 3.22 0.343042 139.04
404 3.228 0.357696 139.413
405 3.236 0.379976 139.811
406 3.244 0.413903 140.248
407 3.252 0.460402 140.735
408 3.26 0.518497 141.287
409 3.268 0.588463 141.916
410 3.276 0.6702 142.636
411 3.284 0.764521 143.462
412 3.292 0.863669 144.399
413 3.3 0.975848 145.464
414 3.308 1.08409 146.652
415 3.316 1.19534 147.968
416 3.324 1.30097 149.407
417 3.332 1.39898 150.962
418 3.34 1.4766 152.612
419 3.348 1.54245 154.343
420 3.356 1.58213 156.128
421 3.364 1.60427 157.946
422 3.372 1.60027 159.768
423 3.38 1.5739 161.568
424 3.388 1.53162 163.329
425 3.396 1.47253 165.029
426 3.404 1.39938 166.653
427 3.412 1.31829 168.19
428 3.42 1.23511 169.637
429 3.428 1.1483 170.988
430 3.436 1.07055 172.254
431 3.444 1.00438 173.447
432 3.452 0.945554 174.575
433 3.46 0.901768 175.656
434 3.468 0.878445 176.714
435 3.476 0.864705 177.76
436 3.484 0.866472 178.813
437 3.492 0.871967 179.878
438 3.5 0.894403 180.975
439 3.508 0.918173 182.107
440 3.516 0.938013 183.268
441 3.524 0.966854 184.47
442 3.532 0.981761 185.697
443 3.54 0.991459 186.941
444 3.548 0.995042 188.195
445 3.556 0.986444 189.444
446 3.564 0.971291 190.68
447 3.572 0.94652 191.889
448 3.58 0.912314 193.06
449 3.588 0.879513 194.194
450 3.596 0.837517 195.278
451 3.604 0.804367 196.325
452 3.612 0.773553 197.335
453 3.62 0.745495 198.313
454 3.628 0.727718 199.273
455 3.636 0.723037 200.23
456 3.644 0.722072 201.19
457 3.652 0.733871 202.17
458 3.66 0.755244 203.183
459 3.668 0.780689 204.235
460 3.676 0.812566 205.335
461 3.684 0.838386 206.474
462 3.692 0.872809 207.665
463 3.7 0.893913 208.891
464 3.708 0.913529 210.149
465 3.716 0.925853 211.429
466 3.724 0.927408 212.717
467 3.732 0.919975 214
468 3.74 0.903645 215.266
469 3.748 0.877503 216.5
470 3.756 0.851843 217.703
471 3.764 0.821376 218.869
472 3.772 0.789956 219.994
473 3.78 0.760833 221.083
474 3.788 0.737527 222.142
475 3.796 0.722251 223.185
476 3.804 0.712233 224.217
477 3.812 0.713903 225.256
478 3.82 0.718366 226.305
479 3.828 0.733797 227.382
480 3.836 0.757081 228.498
481 3.844 0.781887 229.655
482 3.852 0.813228 230.863
483 3.86 0.84075 232.117
484 3.868 0.865989 233.415
485 3.876 0.890903 234.755
486 3.884 0.913666 236.135
487 3.892 0.934205 237.552
488 3.9 0.954685 239.006
489 3.908 0.973981 240.496
490 3.916 0.999472 242.031
491 3.924 1.03094 243.62
492 3.932 1.06798 245.274
493 3.94 1.11654 247.009
494 3.948 1.17824 248.848
495 3.956 1.25421 250.814
496 3.964 1.34354 252.928
497 3.972 1.44989 255.219
498 3.98 1.56101 257.695
499 3.988 1.68006 260.371
500 3.996 1.80086 263.25
