# Time-averaged data for fix myAT
# TimeStep Number-of-rows
# Row c_myRDF[1] c_myRDF[2] c_myRDF[3]
50000 500
1 0.004 0 0
2 0.012 0 0
3 0.02 0 0
4 0.028 0 0
5 0.036 0 0
6 0.044 0 0
7 0.052 0 0
8 0.06 0 0
9 0.068 0 0
10 0.076 0 0
11 0.084 0 0
12 0.092 0 0
13 0.1 0 0
14 0.108 0 0
15 0.116 0 0
16 0.124 0 0
17 0.132 0 0
18 0.14 0 0
19 0.148 0 0
20 0.156 0 0
21 0.164 0 0
22 0.172 0 0
23 0.18 0 0
24 0.188 0 0
25 0.196 0 0
26 0.204 0 0
27 0.212 0 0
28 0.22 0 0
29 0.228 0 0
30 0.236 0 0
31 0.244 0 0
32 0.252 0 0
33 0.26 0 0
34 0.268 0 0
35 0.276 0 0
36 0.284 0 0
37 0.292 0 0
38 0.3 0 0
39 0.308 0 0
40 0.316 0 0
41 0.324 0 0
42 0.332 0 0
43 0.34 0 0
44 0.348 0 0
45 0.356 0 0
46 0.364 0 0
47 0.372 0 0
48 0.38 0 0
49 0.388 0 0
50 0.396 0 0
51 0.404 0 0
52 0.412 0 0
53 0.42 0 0
54 0.428 0 0
55 0.436 0 0
56 0.444 0 0
57 0.452 0 0
58 0.46 0 0
59 0.468 0 0
60 0.476 0 0
61 0.484 0 0
62 0.492 0 0
63 0.5 0 0
64 0.508 0 0
65 0.516 0 0
66 0.524 0 0
67 0.532 0 0
68 0.54 0 0
69 0.548 0 0
70 0.556 0 0
71 0.564 0 0
72 0.572 0 0
73 0.58 0 0
74 0.588 0 0
75 0.596 0 0
76 0.604 0 0
77 0.612 0 0
78 0.62 0 0
79 0.628 0 0
80 0.636 0 0
81 0.644 0 0
82 0.652 0 0
83 0.66 0 0
84 0.668 0 0
85 0.676 0 0
86 0.684 0 0
87 0.692 0 0
88 0.7 0 0
89 0.708 0 0
90 0.716 0 0
91 0.724 0 0
92 0.732 0 0
93 0.74 0 0
94 0.748 0 0
95 0.756 0 0
96 0.764 0 0
97 0.772 0 0
98 0.78 0 0
99 0.788 0 0
100 0.796 0 0
101 0.804 0 0
102 0.812 0 0
103 0.82 0 0
104 0.828 0 0
105 0.836 0 0
106 0.844 0 0
107 0.852 0 0
108 0.86 0 0
109 0.868 0 0
110 0.876 0 0
111 0.884 0 0
112 0.892 0.00178098 1.33333e-06
113 0.9 0 1.33333e-06
114 0.908 0.00687508 6.66667e-06
115 0.916 0.013511 1.73333e-05
116 0.924 0.0199171 3.33333e-05
117 0.932 0.0342592 6.13333e-05
118 0.94 0.0705645 0.00012
119 0.948 0.121413 0.000222667
120 0.956 0.179859 0.000377333
121 0.964 0.372071 0.000702667
122 0.972 0.404968 0.00106267
123 0.98 0.594624 0.0016
124 0.988 0.75343 0.002292
125 0.996 0.907078 0.00313867
126 1.004 1.13869 0.00421867
127 1.012 1.31032 0.00548133
128 1.02 1.41107 0.00686267
129 1.028 1.76465 0.00861733
130 1.036 1.91046 0.0105467
131 1.044 2.04641 0.0126453
132 1.052 2.31375 0.0150547
133 1.06 2.31175 0.0174987
134 1.068 2.58162 0.0202693
135 1.076 2.51523 0.0230093
136 1.084 2.58798 0.0258707
137 1.092 2.58942 0.028776
138 1.1 2.72639 0.03188
139 1.108 2.80028 0.0351147
140 1.116 2.89454 0.0385067
141 1.124 2.8804 0.0419307
142 1.132 2.96369 0.045504
143 1.14 2.90697 0.0490587
144 1.148 2.89778 0.052652
145 1.156 2.74435 0.0561027
146 1.164 2.81239 0.059688
147 1.172 2.74421 0.0632347
148 1.18 2.69084 0.06676
149 1.188 2.76216 0.070428
150 1.196 2.58961 0.0739133
151 1.204 2.56508 0.077412
152 1.212 2.65963 0.081088
153 1.22 2.65629 0.084808
154 1.228 2.46016 0.0882987
155 1.236 2.37462 0.091712
156 1.244 2.29564 0.0950547
157 1.252 2.25013 0.0983733
158 1.26 2.17791 0.101627
159 1.268 2.18136 0.104927
160 1.276 2.12885 0.108188
161 1.284 2.02591 0.111331
162 1.292 2.02722 0.114515
163 1.3 1.96042 0.117632
164 1.308 1.96219 0.120791
165 1.316 1.84267 0.123793
166 1.324 1.86978 0.126877
167 1.332 1.80106 0.129884
168 1.34 1.78594 0.132901
169 1.348 1.75934 0.135909
170 1.356 1.72708 0.138897
171 1.364 1.6589 0.141801
172 1.372 1.71037 0.144831
173 1.38 1.59089 0.147681
174 1.388 1.6366 0.150648
175 1.396 1.59026 0.153564
176 1.404 1.61461 0.156559
177 1.412 1.52671 0.159423
178 1.42 1.51166 0.162291
179 1.428 1.52326 0.165213
180 1.436 1.48022 0.168085
181 1.444 1.44688 0.170924
182 1.452 1.47601 0.173852
183 1.46 1.44659 0.176753
184 1.468 1.41574 0.179624
185 1.476 1.44596 0.182588
186 1.484 1.34419 0.185373
187 1.492 1.36801 0.188239
188 1.5 1.29426 0.190979
189 1.508 1.29988 0.19376
190 1.516 1.33306 0.196643
191 1.524 1.31239 0.199511
192 1.532 1.36211 0.202519
193 1.54 1.30498 0.205431
194 1.548 1.2726 0.2083
195 1.556 1.33446 0.21134
196 1.564 1.30463 0.214343
197 1.572 1.26042 0.217273
198 1.58 1.28969 0.220303
199 1.588 1.23795 0.22324
200 1.596 1.22224 0.226169
201 1.604 1.24202 0.229176
202 1.612 1.26299 0.232264
203 1.62 1.25217 0.235356
204 1.628 1.25753 0.238492
205 1.636 1.26327 0.241673
206 1.644 1.22269 0.244783
207 1.652 1.25761 0.248012
208 1.66 1.24963 0.251252
209 1.668 1.23054 0.254473
210 1.676 1.22841 0.25772
211 1.684 1.23025 0.261003
212 1.692 1.22558 0.264304
213 1.7 1.15376 0.267441
214 1.708 1.16629 0.270643
215 1.716 1.19972 0.273967
216 1.724 1.18241 0.277273
217 1.732 1.15876 0.280544
218 1.74 1.15515 0.283835
219 1.748 1.18077 0.287229
220 1.756 1.18658 0.290672
221 1.764 1.12393 0.293963
222 1.772 1.12554 0.297288
223 1.78 1.12752 0.300649
224 1.788 1.12233 0.304025
225 1.796 1.14882 0.307512
226 1.804 1.12994 0.310972
227 1.812 1.16746 0.314579
228 1.82 1.13968 0.318131
229 1.828 1.14966 0.321745
230 1.836 1.05558 0.325093
231 1.844 1.12521 0.328693
232 1.852 1.1341 0.332353
233 1.86 1.10675 0.335956
234 1.868 1.09039 0.339536
235 1.876 1.0944 0.34316
236 1.884 1.09191 0.346807
237 1.892 1.09338 0.350489
238 1.9 1.11717 0.354284
239 1.908 1.06189 0.357921
240 1.916 1.09975 0.36172
241 1.924 1.08526 0.3655
242 1.932 1.07629 0.36928
243 1.94 1.07685 0.373093
244 1.948 1.07736 0.37694
245 1.956 1.10004 0.3809
246 1.964 1.08302 0.384831
247 1.972 1.10449 0.388872
248 1.98 1.10715 0.392956
249 1.988 1.05739 0.396888
250 1.996 1.09837 0.401005
251 2.004 1.10902 0.405196
252 2.012 1.07292 0.409283
253 2.02 1.11271 0.413555
254 2.028 1.08086 0.417737
255 2.036 1.09563 0.422011
256 2.044 1.06842 0.426211
257 2.052 1.08635 0.430515
258 2.06 1.08194 0.434835
259 2.068 1.05503 0.43908
260 2.076 1.10478 0.44356
261 2.084 1.10839 0.448089
262 2.092 1.0669 0.452483
263 2.1 1.08032 0.456965
264 2.108 1.06703 0.461427
265 2.116 1.04568 0.465832
266 2.124 1.05478 0.470309
267 2.132 1.07058 0.474888
268 2.14 1.06351 0.479471
269 2.148 1.05653 0.484057
270 2.156 1.04443 0.488625
271 2.164 1.07909 0.49338
272 2.172 1.03541 0.497976
273 2.18 1.05019 0.502672
274 2.188 1.04371 0.507373
275 2.196 1.02936 0.512044
276 2.204 1.05166 0.516851
277 2.212 1.03624 0.521621
278 2.22 1.06818 0.526575
279 2.228 1.04739 0.531467
280 2.236 1.03509 0.536336
281 2.244 1.04123 0.541269
282 2.252 1.0752 0.5464
283 2.26 1.04818 0.551437
284 2.268 1.01463 0.556348
285 2.276 1.04553 0.561444
286 2.284 1.03496 0.566524
287 2.292 1.02532 0.571592
288 2.3 1.00293 0.576584
289 2.308 1.01116 0.581652
290 2.316 1.04407 0.586921
291 2.324 1.00253 0.592016
292 2.332 1.01781 0.597224
293 2.34 1.02846 0.602523
294 2.348 1.04743 0.607956
295 2.356 1.01224 0.613243
296 2.364 1.03659 0.618693
297 2.372 1.02608 0.624125
298 2.38 1.05447 0.629745
299 2.388 1.01437 0.635188
300 2.396 1.01575 0.640675
301 2.404 1.01979 0.64622
302 2.412 1.02765 0.651845
303 2.42 1.00224 0.657368
304 2.428 1.00863 0.662963
305 2.436 1.01873 0.668651
306 2.444 1.00614 0.674305
307 2.452 1.01702 0.680059
308 2.46 1.04227 0.685993
309 2.468 1.01109 0.691788
310 2.476 1.00619 0.697592
311 2.484 1.01993 0.703513
312 2.492 1.02959 0.709529
313 2.5 1.01077 0.715473
314 2.508 1.02123 0.721517
315 2.516 1.03937 0.727708
316 2.524 1.01655 0.733801
317 2.532 1.0097 0.739892
318 2.54 1.03014 0.746145
319 2.548 1.03984 0.752497
320 2.556 1.02596 0.758804
321 2.564 1.02345 0.765135
322 2.572 1.0081 0.771409
323 2.58 1.01271 0.777752
324 2.588 0.985302 0.783961
325 2.596 1.04821 0.790608
326 2.604 1.03112 0.797187
327 2.612 1.02274 0.803752
328 2.62 1.01815 0.810328
329 2.628 1.0214 0.816965
330 2.636 1.03479 0.823731
331 2.644 0.997927 0.830295
332 2.652 1.00481 0.836944
333 2.66 1.02241 0.843751
334 2.668 1.01091 0.850521
335 2.676 1.03298 0.857481
336 2.684 0.999878 0.864259
337 2.692 1.0092 0.87114
338 2.7 1.00614 0.878041
339 2.708 1.01315 0.885032
340 2.716 1.01488 0.892076
341 2.724 1.02554 0.899236
342 2.732 1.01024 0.906331
343 2.74 1.00378 0.913421
344 2.748 1.01408 0.920627
345 2.756 1.03451 0.92802
346 2.764 0.996256 0.935181
347 2.772 1.01025 0.942485
348 2.78 1.02809 0.949961
349 2.788 0.997773 0.957259
350 2.796 1.00258 0.964633
351 2.804 1.01273 0.972125
352 2.812 1.00196 0.97958
353 2.82 1.00769 0.98712
354 2.828 1.01493 0.994757
355 2.836 1.00058 1.00233
356 2.844 1.01546 1.01006
357 2.852 1.0183 1.01785
358 2.86 1.01643 1.02567
359 2.868 1.02816 1.03363
360 2.876 1.00618 1.04146
361 2.884 1.0311 1.04953
362 2.892 1.02405 1.05759
363 2.9 1.00071 1.06551
364 2.908 1.01532 1.07359
365 2.916 1.01343 1.08169
366 2.924 1.00888 1.08981
367 2.932 0.993988 1.09785
368 2.94 0.993504 1.10593
369 2.948 0.998229 1.11409
370 2.956 1.01959 1.12248
371 2.964 1.0078 1.13081
372 2.972 1.01811 1.13927
373 2.98 1.01058 1.14771
374 2.988 1.01215 1.15621
375 2.996 0.989864 1.16457
376 3.004 0.991195 1.17299
377 3.012 1.02108 1.18171
378 3.02 0.99548 1.19025
379 3.028 1.02438 1.19909
380 3.036 1.01653 1.2079
381 3.044 1.00095 1.21663
382 3.052 1.0126 1.2255
383 3.06 1.01684 1.23446
384 3.068 0.994685 1.24327
385 3.076 0.994759 1.25213
386 3.084 1.01076 1.26117
387 3.092 1.01636 1.27032
388 3.1 0.986494 1.27924
389 3.108 1.01487 1.28846
390 3.116 1.0155 1.29774
391 3.124 1.0135 1.30704
392 3.132 1.02263 1.31648
393 3.14 1.00694 1.32582
394 3.148 1.00826 1.33523
395 3.156 1.01781 1.34476
396 3.164 1.02074 1.35438
397 3.172 0.994892 1.3638
398 3.18 1.01063 1.37341
399 3.188 1.02718 1.38324
400 3.196 1.02024 1.39304
401 3.204 1.00576 1.40276
402 3.212 1.03166 1.41277
403 3.22 1.01219 1.42265
404 3.228 1.02323 1.43268
405 3.236 1.0221 1.44275
406 3.244 1.01006 1.45275
407 3.252 1.02373 1.46294
408 3.26 1.00991 1.47303
409 3.268 0.985996 1.48294
410 3.276 1.00337 1.49307
411 3.284 1.00217 1.50324
412 3.292 1.01365 1.51358
413 3.3 0.989738 1.52372
414 3.308 1.00568 1.53408
415 3.316 1.01385 1.54457
416 3.324 1.00217 1.55498
417 3.332 0.999793 1.56543
418 3.34 1.0025 1.57595
419 3.348 0.984823 1.58634
420 3.356 1.00542 1.59699
421 3.364 0.99664 1.6076
422 3.372 1.01223 1.61843
423 3.38 1.01141 1.62931
424 3.388 0.996767 1.64007
425 3.396 1.01235 1.65106
426 3.404 0.987786 1.66183
427 3.412 0.98535 1.67262
428 3.42 0.997707 1.6836
429 3.428 1.01344 1.6948
430 3.436 1.00272 1.70594
431 3.444 1.01133 1.71723
432 3.452 1.01093 1.72856
433 3.46 0.996434 1.73979
434 3.468 0.99196 1.75101
435 3.476 1.0152 1.76255
436 3.484 1.0012 1.77399
437 3.492 0.997198 1.78543
438 3.5 0.995305 1.7969
439 3.508 0.978795 1.80824
440 3.516 0.98856 1.81973
441 3.524 1.015 1.83159
442 3.532 1.00461 1.84339
443 3.54 1.00607 1.85525
444 3.548 1.01798 1.86731
445 3.556 0.998832 1.87919
446 3.564 0.978399 1.89088
447 3.572 1.00423 1.90294
448 3.58 0.985484 1.91482
449 3.588 0.992873 1.92685
450 3.596 1.01629 1.93922
451 3.604 1.00306 1.95147
452 3.612 0.980917 1.96352
453 3.62 1.002 1.97587
454 3.628 1.0133 1.98842
455 3.636 0.985911 2.00068
456 3.644 0.992578 2.01309
457 3.652 0.983134 2.02542
458 3.66 0.997883 2.038
459 3.668 0.993219 2.05057
460 3.676 0.991942 2.06319
461 3.684 0.987743 2.0758
462 3.692 0.997709 2.08859
463 3.7 1.00044 2.10148
464 3.708 1.0187 2.11466
465 3.716 0.993586 2.12757
466 3.724 1.01201 2.14077
467 3.732 0.995056 2.15381
468 3.74 1.0057 2.16705
469 3.748 0.972758 2.17991
470 3.756 0.995137 2.19312
471 3.764 0.988311 2.20629
472 3.772 1.00593 2.21976
473 3.78 1.00813 2.23331
474 3.788 1.00407 2.24687
475 3.796 1.01597 2.26064
476 3.804 0.992216 2.27415
477 3.812 0.993906 2.28774
478 3.82 1.01296 2.30165
479 3.828 1.00167 2.31546
480 3.836 1.00578 2.32939
481 3.844 1.00207 2.34332
482 3.852 1.01138 2.35744
483 3.86 1.00253 2.37149
484 3.868 1.00597 2.38565
485 3.876 1.01257 2.39997
486 3.884 1.00484 2.41423
487 3.892 1.00586 2.42857
488 3.9 1.01925 2.44315
489 3.908 1.01591 2.45775
490 3.916 0.996521 2.47213
491 3.924 0.996787 2.48657
492 3.932 1.01198 2.50129
493 3.94 1.00012 2.5159
494 3.948 1.00398 2.53062
495 3.956 1.00708 2.54545
496 3.964 1.00779 2.56035
497 3.972 0.999069 2.57518
498 3.98 0.99282 2.58998
499 3.988 1.0178 2.60521
500 3.996 1.00503 2.62031
